Time	Node	AppId	SeqNo	Type	DelayS	DelayUS	RetxCount	HopCount
0.0417792	node2	0	0	LastDelay	0.0417792	41779.2	1	2
0.0417792	node2	0	0	FullDelay	0.0417792	41779.2	1	2
0.141779	node2	0	1	LastDelay	0.0417792	41779.2	1	2
0.141779	node2	0	1	FullDelay	0.0417792	41779.2	1	2
0.241779	node2	0	2	LastDelay	0.0417792	41779.2	1	2
0.241779	node2	0	2	FullDelay	0.0417792	41779.2	1	2
0.341779	node2	0	3	LastDelay	0.0417792	41779.2	1	2
0.341779	node2	0	3	FullDelay	0.0417792	41779.2	1	2
0.441779	node2	0	4	LastDelay	0.0417792	41779.2	1	2
0.441779	node2	0	4	FullDelay	0.0417792	41779.2	1	2
0.541779	node2	0	5	LastDelay	0.0417792	41779.2	1	2
0.541779	node2	0	5	FullDelay	0.0417792	41779.2	1	2
0.641779	node2	0	6	LastDelay	0.0417792	41779.2	1	2
0.641779	node2	0	6	FullDelay	0.0417792	41779.2	1	2
0.741779	node2	0	7	LastDelay	0.0417792	41779.2	1	2
0.741779	node2	0	7	FullDelay	0.0417792	41779.2	1	2
0.841779	node2	0	8	LastDelay	0.0417792	41779.2	1	2
0.841779	node2	0	8	FullDelay	0.0417792	41779.2	1	2
0.941779	node2	0	9	LastDelay	0.0417792	41779.2	1	2
0.941779	node2	0	9	FullDelay	0.0417792	41779.2	1	2
1.04178	node2	0	10	LastDelay	0.0417792	41779.2	1	2
1.04178	node2	0	10	FullDelay	0.0417792	41779.2	1	2
1.14178	node2	0	11	LastDelay	0.0417792	41779.2	1	2
1.14178	node2	0	11	FullDelay	0.0417792	41779.2	1	2
1.24178	node2	0	12	LastDelay	0.0417792	41779.2	1	2
1.24178	node2	0	12	FullDelay	0.0417792	41779.2	1	2
1.36267	node2	0	13	LastDelay	0.0626688	62668.8	1	3
1.36267	node2	0	13	FullDelay	0.0626688	62668.8	1	3
1.46267	node2	0	14	LastDelay	0.0626688	62668.8	1	3
1.46267	node2	0	14	FullDelay	0.0626688	62668.8	1	3
1.54178	node2	0	15	LastDelay	0.0417792	41779.2	1	2
1.54178	node2	0	15	FullDelay	0.0417792	41779.2	1	2
1.64178	node2	0	16	LastDelay	0.0417792	41779.2	1	2
1.64178	node2	0	16	FullDelay	0.0417792	41779.2	1	2
1.74178	node2	0	17	LastDelay	0.0417792	41779.2	1	2
1.74178	node2	0	17	FullDelay	0.0417792	41779.2	1	2
1.84178	node2	0	18	LastDelay	0.0417792	41779.2	1	2
1.84178	node2	0	18	FullDelay	0.0417792	41779.2	1	2
1.96267	node2	0	19	LastDelay	0.0626688	62668.8	1	3
1.96267	node2	0	19	FullDelay	0.0626688	62668.8	1	3
2.06267	node2	0	20	LastDelay	0.0626688	62668.8	1	3
2.06267	node2	0	20	FullDelay	0.0626688	62668.8	1	3
2.14178	node2	0	21	LastDelay	0.0417792	41779.2	1	2
2.14178	node2	0	21	FullDelay	0.0417792	41779.2	1	2
2.24178	node2	0	22	LastDelay	0.0417792	41779.2	1	2
2.24178	node2	0	22	FullDelay	0.0417792	41779.2	1	2
2.34178	node2	0	23	LastDelay	0.0417792	41779.2	1	2
2.34178	node2	0	23	FullDelay	0.0417792	41779.2	1	2
2.44178	node2	0	24	LastDelay	0.0417792	41779.2	1	2
2.44178	node2	0	24	FullDelay	0.0417792	41779.2	1	2
2.56267	node2	0	25	LastDelay	0.0626688	62668.8	1	3
2.56267	node2	0	25	FullDelay	0.0626688	62668.8	1	3
2.66267	node2	0	26	LastDelay	0.0626688	62668.8	1	3
2.66267	node2	0	26	FullDelay	0.0626688	62668.8	1	3
2.74178	node2	0	27	LastDelay	0.0417792	41779.2	1	2
2.74178	node2	0	27	FullDelay	0.0417792	41779.2	1	2
2.84178	node2	0	28	LastDelay	0.0417792	41779.2	1	2
2.84178	node2	0	28	FullDelay	0.0417792	41779.2	1	2
2.94178	node2	0	29	LastDelay	0.0417792	41779.2	1	2
2.94178	node2	0	29	FullDelay	0.0417792	41779.2	1	2
3.04178	node2	0	30	LastDelay	0.0417792	41779.2	1	2
3.04178	node2	0	30	FullDelay	0.0417792	41779.2	1	2
3.16267	node2	0	31	LastDelay	0.0626688	62668.8	1	3
3.16267	node2	0	31	FullDelay	0.0626688	62668.8	1	3
3.26267	node2	0	32	LastDelay	0.0626688	62668.8	1	3
3.26267	node2	0	32	FullDelay	0.0626688	62668.8	1	3
3.34178	node2	0	33	LastDelay	0.0417792	41779.2	1	2
3.34178	node2	0	33	FullDelay	0.0417792	41779.2	1	2
3.44178	node2	0	34	LastDelay	0.0417792	41779.2	1	2
3.44178	node2	0	34	FullDelay	0.0417792	41779.2	1	2
3.54178	node2	0	35	LastDelay	0.0417792	41779.2	1	2
3.54178	node2	0	35	FullDelay	0.0417792	41779.2	1	2
3.64178	node2	0	36	LastDelay	0.0417792	41779.2	1	2
3.64178	node2	0	36	FullDelay	0.0417792	41779.2	1	2
3.76267	node2	0	37	LastDelay	0.0626688	62668.8	1	3
3.76267	node2	0	37	FullDelay	0.0626688	62668.8	1	3
3.86267	node2	0	38	LastDelay	0.0626688	62668.8	1	3
3.86267	node2	0	38	FullDelay	0.0626688	62668.8	1	3
3.94178	node2	0	39	LastDelay	0.0417792	41779.2	1	2
3.94178	node2	0	39	FullDelay	0.0417792	41779.2	1	2
4.04178	node2	0	40	LastDelay	0.0417792	41779.2	1	2
4.04178	node2	0	40	FullDelay	0.0417792	41779.2	1	2
4.14178	node2	0	41	LastDelay	0.0417792	41779.2	1	2
4.14178	node2	0	41	FullDelay	0.0417792	41779.2	1	2
4.24178	node2	0	42	LastDelay	0.0417792	41779.2	1	2
4.24178	node2	0	42	FullDelay	0.0417792	41779.2	1	2
4.36267	node2	0	43	LastDelay	0.0626688	62668.8	1	3
4.36267	node2	0	43	FullDelay	0.0626688	62668.8	1	3
4.46267	node2	0	44	LastDelay	0.0626688	62668.8	1	3
4.46267	node2	0	44	FullDelay	0.0626688	62668.8	1	3
4.54178	node2	0	45	LastDelay	0.0417792	41779.2	1	2
4.54178	node2	0	45	FullDelay	0.0417792	41779.2	1	2
4.64178	node2	0	46	LastDelay	0.0417792	41779.2	1	2
4.64178	node2	0	46	FullDelay	0.0417792	41779.2	1	2
4.74178	node2	0	47	LastDelay	0.0417792	41779.2	1	2
4.74178	node2	0	47	FullDelay	0.0417792	41779.2	1	2
4.84178	node2	0	48	LastDelay	0.0417792	41779.2	1	2
4.84178	node2	0	48	FullDelay	0.0417792	41779.2	1	2
4.94178	node2	0	49	LastDelay	0.0417792	41779.2	1	2
4.94178	node2	0	49	FullDelay	0.0417792	41779.2	1	2
5.04178	node2	0	50	LastDelay	0.0417792	41779.2	1	2
5.04178	node2	0	50	FullDelay	0.0417792	41779.2	1	2
5.14178	node2	0	51	LastDelay	0.0417792	41779.2	1	2
5.14178	node2	0	51	FullDelay	0.0417792	41779.2	1	2
5.24178	node2	0	52	LastDelay	0.0417792	41779.2	1	2
5.24178	node2	0	52	FullDelay	0.0417792	41779.2	1	2
5.34178	node2	0	53	LastDelay	0.0417792	41779.2	1	2
5.34178	node2	0	53	FullDelay	0.0417792	41779.2	1	2
5.44178	node2	0	54	LastDelay	0.0417792	41779.2	1	2
5.44178	node2	0	54	FullDelay	0.0417792	41779.2	1	2
5.54178	node2	0	55	LastDelay	0.0417792	41779.2	1	2
5.54178	node2	0	55	FullDelay	0.0417792	41779.2	1	2
5.64178	node2	0	56	LastDelay	0.0417792	41779.2	1	2
5.64178	node2	0	56	FullDelay	0.0417792	41779.2	1	2
5.74178	node2	0	57	LastDelay	0.0417792	41779.2	1	2
5.74178	node2	0	57	FullDelay	0.0417792	41779.2	1	2
5.84178	node2	0	58	LastDelay	0.0417792	41779.2	1	2
5.84178	node2	0	58	FullDelay	0.0417792	41779.2	1	2
5.94178	node2	0	59	LastDelay	0.0417792	41779.2	1	2
5.94178	node2	0	59	FullDelay	0.0417792	41779.2	1	2
6.04178	node2	0	60	LastDelay	0.0417792	41779.2	1	2
6.04178	node2	0	60	FullDelay	0.0417792	41779.2	1	2
6.14178	node2	0	61	LastDelay	0.0417792	41779.2	1	2
6.14178	node2	0	61	FullDelay	0.0417792	41779.2	1	2
6.26267	node2	0	62	LastDelay	0.0626688	62668.8	1	3
6.26267	node2	0	62	FullDelay	0.0626688	62668.8	1	3
6.36267	node2	0	63	LastDelay	0.0626688	62668.8	1	3
6.36267	node2	0	63	FullDelay	0.0626688	62668.8	1	3
6.44178	node2	0	64	LastDelay	0.0417792	41779.2	1	2
6.44178	node2	0	64	FullDelay	0.0417792	41779.2	1	2
6.54178	node2	0	65	LastDelay	0.0417792	41779.2	1	2
6.54178	node2	0	65	FullDelay	0.0417792	41779.2	1	2
6.64178	node2	0	66	LastDelay	0.0417792	41779.2	1	2
6.64178	node2	0	66	FullDelay	0.0417792	41779.2	1	2
6.74178	node2	0	67	LastDelay	0.0417792	41779.2	1	2
6.74178	node2	0	67	FullDelay	0.0417792	41779.2	1	2
6.86267	node2	0	68	LastDelay	0.0626688	62668.8	1	3
6.86267	node2	0	68	FullDelay	0.0626688	62668.8	1	3
6.96267	node2	0	69	LastDelay	0.0626688	62668.8	1	3
6.96267	node2	0	69	FullDelay	0.0626688	62668.8	1	3
7.04178	node2	0	70	LastDelay	0.0417792	41779.2	1	2
7.04178	node2	0	70	FullDelay	0.0417792	41779.2	1	2
7.14178	node2	0	71	LastDelay	0.0417792	41779.2	1	2
7.14178	node2	0	71	FullDelay	0.0417792	41779.2	1	2
7.24178	node2	0	72	LastDelay	0.0417792	41779.2	1	2
7.24178	node2	0	72	FullDelay	0.0417792	41779.2	1	2
7.34178	node2	0	73	LastDelay	0.0417792	41779.2	1	2
7.34178	node2	0	73	FullDelay	0.0417792	41779.2	1	2
7.46267	node2	0	74	LastDelay	0.0626688	62668.8	1	3
7.46267	node2	0	74	FullDelay	0.0626688	62668.8	1	3
7.56267	node2	0	75	LastDelay	0.0626688	62668.8	1	3
7.56267	node2	0	75	FullDelay	0.0626688	62668.8	1	3
7.64178	node2	0	76	LastDelay	0.0417792	41779.2	1	2
7.64178	node2	0	76	FullDelay	0.0417792	41779.2	1	2
7.74178	node2	0	77	LastDelay	0.0417792	41779.2	1	2
7.74178	node2	0	77	FullDelay	0.0417792	41779.2	1	2
7.84178	node2	0	78	LastDelay	0.0417792	41779.2	1	2
7.84178	node2	0	78	FullDelay	0.0417792	41779.2	1	2
7.94178	node2	0	79	LastDelay	0.0417792	41779.2	1	2
7.94178	node2	0	79	FullDelay	0.0417792	41779.2	1	2
8.06267	node2	0	80	LastDelay	0.0626688	62668.8	1	3
8.06267	node2	0	80	FullDelay	0.0626688	62668.8	1	3
8.16267	node2	0	81	LastDelay	0.0626688	62668.8	1	3
8.16267	node2	0	81	FullDelay	0.0626688	62668.8	1	3
8.24178	node2	0	82	LastDelay	0.0417792	41779.2	1	2
8.24178	node2	0	82	FullDelay	0.0417792	41779.2	1	2
8.34178	node2	0	83	LastDelay	0.0417792	41779.2	1	2
8.34178	node2	0	83	FullDelay	0.0417792	41779.2	1	2
8.44178	node2	0	84	LastDelay	0.0417792	41779.2	1	2
8.44178	node2	0	84	FullDelay	0.0417792	41779.2	1	2
8.54178	node2	0	85	LastDelay	0.0417792	41779.2	1	2
8.54178	node2	0	85	FullDelay	0.0417792	41779.2	1	2
8.66267	node2	0	86	LastDelay	0.0626688	62668.8	1	3
8.66267	node2	0	86	FullDelay	0.0626688	62668.8	1	3
8.76267	node2	0	87	LastDelay	0.0626688	62668.8	1	3
8.76267	node2	0	87	FullDelay	0.0626688	62668.8	1	3
8.84178	node2	0	88	LastDelay	0.0417792	41779.2	1	2
8.84178	node2	0	88	FullDelay	0.0417792	41779.2	1	2
8.94178	node2	0	89	LastDelay	0.0417792	41779.2	1	2
8.94178	node2	0	89	FullDelay	0.0417792	41779.2	1	2
9.04178	node2	0	90	LastDelay	0.0417792	41779.2	1	2
9.04178	node2	0	90	FullDelay	0.0417792	41779.2	1	2
9.14178	node2	0	91	LastDelay	0.0417792	41779.2	1	2
9.14178	node2	0	91	FullDelay	0.0417792	41779.2	1	2
9.26267	node2	0	92	LastDelay	0.0626688	62668.8	1	3
9.26267	node2	0	92	FullDelay	0.0626688	62668.8	1	3
9.36267	node2	0	93	LastDelay	0.0626688	62668.8	1	3
9.36267	node2	0	93	FullDelay	0.0626688	62668.8	1	3
9.44178	node2	0	94	LastDelay	0.0417792	41779.2	1	2
9.44178	node2	0	94	FullDelay	0.0417792	41779.2	1	2
9.54178	node2	0	95	LastDelay	0.0417792	41779.2	1	2
9.54178	node2	0	95	FullDelay	0.0417792	41779.2	1	2
9.64178	node2	0	96	LastDelay	0.0417792	41779.2	1	2
9.64178	node2	0	96	FullDelay	0.0417792	41779.2	1	2
9.74178	node2	0	97	LastDelay	0.0417792	41779.2	1	2
9.74178	node2	0	97	FullDelay	0.0417792	41779.2	1	2
9.84178	node2	0	98	LastDelay	0.0417792	41779.2	1	2
9.84178	node2	0	98	FullDelay	0.0417792	41779.2	1	2
9.94178	node2	0	99	LastDelay	0.0417792	41779.2	1	2
9.94178	node2	0	99	FullDelay	0.0417792	41779.2	1	2
